Lustelling;;;;;;;Status utgående beholdning;;;Generell informasjon;;;;;;
Antall fisk i prøvene;Lakselus, alle stadier, siste prøve;Dato for siste lusetelling;Fastsittende lakselus, siste prøve;Bevegelige lakselus, siste prøve;Kjønnsmodne hunnlus, siste prøve;Skottelus, alle stadier, siste prøve;Utgående antall;Utgående biomasse [kg];Utgående snittvekt [g];Dato;Lokalitet;Enhet;Uke;År;Offisiell lokalitets-ID;Lokalitetsnummer
14;0,07;03. mar 2015;0,00;0,07;0,00;0,00;136 158;28 015;205,80;03.03.2015;Ørnøya I;Ø11;2015/10;2015;12394;12394
20;0,00;24. mar 2015;0,00;0,00;0,00;0,00;130 992;45 885;350,30;24.03.2015;Ørnøya I;Ø15;2015/13;2015;12394;12394
20;0,20;30. mar 2015;0,05;0,15;0,00;0,00;130 571;48 246;369,50;30.03.2015;Ørnøya I;Ø15;2015/14;2015;12394;12394
20;0,00;25. mar 2015;0,00;0,00;0,00;0,00;124 850;16 521;132,30;25.03.2015;Ørnøya I;Ø08;2015/13;2015;12394;12394
20;0,05;17. mar 2015;0,05;0,00;0,00;0,00;110 486;23 271;210,60;17.03.2015;Ørnøya I;Ø12;2015/12;2015;12394;12394
20;0,00;14. mar 2015;0,00;0,00;0,00;0,00;110 646;22 691;205,10;14.03.2015;Ørnøya I;Ø12;2015/11;2015;12394;12394
20;0,00;10. mar 2015;0,00;0,00;0,00;0,00;111 586;22 363;200,40;10.03.2015;Ørnøya I;Ø12;2015/11;2015;12394;12394
19;0,05;14. mar 2015;0,00;0,05;0,00;0,00;131 317;42 088;320,50;14.03.2015;Ørnøya I;Ø15;2015/11;2015;12394;12394
20;0,00;24. mar 2015;0,00;0,00;0,00;0,00;145 422;19 100;131,30;24.03.2015;Ørnøya I;Ø09;2015/13;2015;12394;12394
11;0,00;03. mar 2015;0,00;0,00;0,00;0,00;131 542;39 486;300,20;03.03.2015;Ørnøya I;Ø15;2015/10;2015;12394;12394
20;0,05;17. mar 2015;0,05;0,00;0,00;0,00;131 201;43 164;329,00;17.03.2015;Ørnøya I;Ø15;2015/12;2015;12394;12394
20;0,00;30. mar 2015;0,00;0,00;0,00;0,00;134 781;34 911;259,00;30.03.2015;Ørnøya I;Ø11;2015/14;2015;12394;12394
20;0,00;17. mar 2015;0,00;0,00;0,00;0,05;135 264;31 021;229,30;17.03.2015;Ørnøya I;Ø11;2015/12;2015;12394;12394
20;0,05;02. mar 2015;0,00;0,05;0,00;0,10;122 870;741 700;6 036,50;02.03.2015;Hallarøy;H03;2015/10;2015;13886;13886
20;0,00;30. mar 2015;0,00;0,00;0,00;0,00;159 246;16 823;105,60;30.03.2015;Kattholmen I;KA06;2015/14;2015;14042;14042
20;0,15;09. mar 2015;0,00;0,05;0,10;0,00;124 632;721 074;5 785,60;09.03.2015;Sørøyflesa;S01;2015/11;2015;15375;15375
20;0,05;23. mar 2015;0,00;0,05;0,00;0,00;138 804;790 705;5 696,60;23.03.2015;Sørøyflesa;S02;2015/13;2015;15375;15375
20;0,10;02. mar 2015;0,00;0,05;0,05;0,10;124 727;702 451;5 631,90;02.03.2015;Sørøyflesa;S01;2015/10;2015;15375;15375
20;0,10;23. mar 2015;0,00;0,10;0,00;0,00;124 169;734 133;5 912,40;23.03.2015;Sørøyflesa;S01;2015/13;2015;15375;15375
20;0,15;16. mar 2015;0,05;0,10;0,00;0,00;124 403;724 299;5 822,20;16.03.2015;Sørøyflesa;S01;2015/12;2015;15375;15375
20;0,20;16. mar 2015;0,10;0,05;0,05;0,00;138 850;778 965;5 610,10;16.03.2015;Sørøyflesa;S02;2015/12;2015;15375;15375
20;0,15;30. mar 2015;0,00;0,10;0,05;0,00;138 738;818 325;5 898,30;30.03.2015;Sørøyflesa;S02;2015/14;2015;15375;15375
20;0,15;02. mar 2015;0,00;0,10;0,05;0,10;139 037;751 039;5 401,70;02.03.2015;Sørøyflesa;S02;2015/10;2015;15375;15375
20;0,15;09. mar 2015;0,00;0,10;0,05;0,00;138 963;770 230;5 542,70;09.03.2015;Sørøyflesa;S02;2015/11;2015;15375;15375
20;0,00;18. mar 2015;0,00;0,00;0,00;0,05;162 990;17 150;105,20;18.03.2015;Singsholmen;S 03;2015/12;2015;24115;24115
20;0,00;24. mar 2015;0,00;0,00;0,00;0,15;162 920;19 197;117,80;24.03.2015;Singsholmen;S 05;2015/13;2015;24115;24115
20;0,15;30. mar 2015;0,15;0,00;0,00;0,00;161 834;18 323;113,20;30.03.2015;Singsholmen;S 03;2015/14;2015;24115;24115
20;0,00;30. mar 2015;0,00;0,00;0,00;0,00;162 565;20 081;123,50;30.03.2015;Singsholmen;S 05;2015/14;2015;24115;24115
20;0,00;24. mar 2015;0,00;0,00;0,00;0,10;162 173;17 472;107,70;24.03.2015;Singsholmen;S 03;2015/13;2015;24115;24115
20;0,00;18. mar 2015;0,00;0,00;0,00;0,00;163 488;18 871;115,40;18.03.2015;Singsholmen;S 05;2015/12;2015;24115;24115
20;0,00;30. mar 2015;0,00;0,00;0,00;0,00;157 071;17 514;111,50;30.03.2015;Singsholmen;S 02;2015/14;2015;24115;24115
20;1,60;02. mar 2015;0,20;1,10;0,30;0,00;128 887;607 345;4 712,20;02.03.2015;Gjelsøya;G5;2015/10;2015;24196;24196
20;3,75;30. mar 2015;0,30;2,50;0,95;0,00;127 146;668 301;5 256,20;30.03.2015;Gjelsøya;G5;2015/14;2015;24196;24196
20;2,50;09. mar 2015;0,05;1,90;0,55;0,00;141 320;820 667;5 807,20;09.03.2015;Gjelsøya;G4;2015/11;2015;24196;24196
20;2,00;02. mar 2015;0,15;1,55;0,30;0,00;141 397;798 807;5 649,40;02.03.2015;Gjelsøya;G4;2015/10;2015;24196;24196
20;2,20;16. mar 2015;0,20;1,70;0,30;0,00;128 189;643 481;5 019,80;16.03.2015;Gjelsøya;G5;2015/12;2015;24196;24196
20;1,95;24. mar 2015;0,00;1,55;0,40;0,00;127 570;654 669;5 131,80;24.03.2015;Gjelsøya;G5;2015/13;2015;24196;24196
20;2,90;09. mar 2015;0,10;2,55;0,25;0,15;128 757;628 896;4 884,40;09.03.2015;Gjelsøya;G5;2015/11;2015;24196;24196
20;0,00;31. mar 2015;0,00;0,00;0,00;0,00;118 475;16 286;137,50;31.03.2015;Ørnøya II;Ø02;2015/14;2015;24696;24696
20;0,00;12. mar 2015;0,00;0,00;0,00;0,00;89 862;17 011;189,30;12.03.2015;Ørnøya II;Ø03;2015/11;2015;24696;24696
20;0,00;24. mar 2015;0,00;0,00;0,00;0,00;121 409;15 517;127,80;24.03.2015;Ørnøya II;Ø02;2015/13;2015;24696;24696
20;0,00;25. mar 2015;0,00;0,00;0,00;0,00;86 360;18 239;211,20;25.03.2015;Ørnøya II;Ø03;2015/13;2015;24696;24696
20;0,00;16. mar 2015;0,00;0,00;0,00;0,00;87 824;16 956;193,10;16.03.2015;Ørnøya II;Ø03;2015/12;2015;24696;24696
18;0,00;14. mar 2015;0,00;0,00;0,00;0,00;141 698;27 291;192,60;14.03.2015;Ørnøya II;Ø04;2015/11;2015;24696;24696
20;0,00;24. mar 2015;0,00;0,00;0,00;0,00;141 310;29 809;210,90;24.03.2015;Ørnøya II;Ø04;2015/13;2015;24696;24696
20;0,00;16. mar 2015;0,00;0,00;0,00;0,00;141 638;27 552;194,50;16.03.2015;Ørnøya II;Ø04;2015/12;2015;24696;24696
20;0,00;30. mar 2015;0,00;0,00;0,00;0,05;140 967;31 475;223,30;30.03.2015;Ørnøya II;Ø04;2015/14;2015;24696;24696
20;0,15;30. mar 2015;0,15;0,00;0,00;0,10;85 632;18 836;220,00;30.03.2015;Ørnøya II;Ø03;2015/14;2015;24696;24696
20;0,00;09. mar 2015;0,00;0,00;0,00;0,00;133 678;33 439;250,10;09.03.2015;Rataren I;R07;2015/11;2015;28636;28636
20;0,05;24. mar 2015;0,05;0,00;0,00;0,00;149 317;12 560;84,10;24.03.2015;Rataren I;R01;2015/13;2015;28636;28636
20;0,25;30. mar 2015;0,15;0,10;0,00;0,00;132 998;38 414;288,80;30.03.2015;Rataren I;R07;2015/14;2015;28636;28636
20;0,05;16. mar 2015;0,05;0,00;0,00;0,00;149 349;12 198;81,70;16.03.2015;Rataren I;R01;2015/12;2015;28636;28636
20;0,05;24. mar 2015;0,05;0,00;0,00;0,00;133 325;36 240;271,80;24.03.2015;Rataren I;R07;2015/13;2015;28636;28636
20;0,10;16. mar 2015;0,10;0,00;0,00;0,00;133 579;35 892;268,70;16.03.2015;Rataren I;R07;2015/12;2015;28636;28636
20;0,00;02. mar 2015;0,00;0,00;0,00;0,00;149 468;10 993;73,60;02.03.2015;Rataren I;R01;2015/10;2015;28636;28636
20;0,05;30. mar 2015;0,05;0,00;0,00;0,00;149 275;13 395;89,70;30.03.2015;Rataren I;R01;2015/14;2015;28636;28636
16;0,00;09. mar 2015;0,00;0,00;0,00;0,00;149 401;11 369;76,10;09.03.2015;Rataren I;R01;2015/11;2015;28636;28636
20;0,00;02. mar 2015;0,00;0,00;0,00;0,00;133 833;32 574;243,40;02.03.2015;Rataren I;R07;2015/10;2015;28636;28636
20;0,00;24. mar 2015;0,00;0,00;0,00;0,00;164 661;15 063;91,50;24.03.2015;Rataren II;R08;2015/13;2015;31959;31959
40;0,00;09. mar 2015;0,00;0,00;0,00;0,00;165 683;19 184;115,80;09.03.2015;Rataren II;R13;2015/11;2015;31959;31959
20;0,00;02. mar 2015;0,00;0,00;0,00;0,00;180 128;17 767;98,60;02.03.2015;Rataren II;R12;2015/10;2015;31959;31959
20;0,00;17. mar 2015;0,00;0,00;0,00;0,00;138 460;28 540;206,10;17.03.2015;Rataren II;R15;2015/12;2015;31959;31959
20;0,10;24. mar 2015;0,10;0,00;0,00;0,00;178 918;19 262;107,70;24.03.2015;Rataren II;R12;2015/13;2015;31959;31959
20;0,00;17. mar 2015;0,00;0,00;0,00;0,00;164 742;14 825;90,00;17.03.2015;Rataren II;R08;2015/12;2015;31959;31959
20;0,00;17. mar 2015;0,00;0,00;0,00;0,00;164 539;19 722;119,90;17.03.2015;Rataren II;R13;2015/12;2015;31959;31959
20;0,00;17. mar 2015;0,00;0,00;0,00;0,00;178 983;19 005;106,20;17.03.2015;Rataren II;R12;2015/12;2015;31959;31959
10;0,00;09. mar 2015;0,00;0,00;0,00;0,00;138 667;26 268;189,40;09.03.2015;Rataren II;R15;2015/11;2015;31959;31959
20;0,00;02. mar 2015;0,00;0,00;0,00;0,00;138 960;25 841;186,00;02.03.2015;Rataren II;R15;2015/10;2015;31959;31959
20;0,00;24. mar 2015;0,00;0,00;0,00;0,00;137 105;32 240;235,10;24.03.2015;Rataren II;R11;2015/13;2015;31959;31959
20;0,00;09. mar 2015;0,00;0,00;0,00;0,00;137 598;29 414;213,80;09.03.2015;Rataren II;R11;2015/11;2015;31959;31959
20;0,00;02. mar 2015;0,00;0,00;0,00;0,00;137 700;28 909;209,90;02.03.2015;Rataren II;R11;2015/10;2015;31959;31959
20;0,05;30. mar 2015;0,05;0,00;0,00;0,00;178 586;20 267;113,50;30.03.2015;Rataren II;R12;2015/14;2015;31959;31959
20;0,10;24. mar 2015;0,10;0,00;0,00;0,00;163 177;19 744;121,00;24.03.2015;Rataren II;R13;2015/13;2015;31959;31959
20;0,05;24. mar 2015;0,05;0,00;0,00;0,00;138 251;28 716;207,70;24.03.2015;Rataren II;R15;2015/13;2015;31959;31959
10;0,20;30. mar 2015;0,10;0,10;0,00;0,00;138 101;30 334;219,70;30.03.2015;Rataren II;R15;2015/14;2015;31959;31959
20;0,05;17. mar 2015;0,05;0,00;0,00;0,00;137 280;31 973;232,90;17.03.2015;Rataren II;R11;2015/12;2015;31959;31959
20;0,00;02. mar 2015;0,00;0,00;0,00;0,00;166 757;13 584;81,50;02.03.2015;Rataren II;R08;2015/10;2015;31959;31959
20;0,00;09. mar 2015;0,00;0,00;0,00;0,00;164 892;13 799;83,70;09.03.2015;Rataren II;R08;2015/11;2015;31959;31959
20;0,05;30. mar 2015;0,05;0,00;0,00;0,00;136 898;34 097;249,10;30.03.2015;Rataren II;R11;2015/14;2015;31959;31959
1 558;0,33;31. mar 2015;0,05;0,21;0,06;0,01;3 349 839;4 235 827;1 264,50;;;;;;12394, 13886, 14042, 15375, 24115, 24196, 24696, 28636, 31959;12394, 13886, 14042, 15375, 24115, 24196, 24696, 28636, 31959